              precision    recall  f1-score   support

          生气     0.4625    0.0386    0.0713       958
          厌恶     0.0000    0.0000    0.0000       111
          恐惧     0.2373    0.0410    0.0699      1024
          开心     0.6465    0.7289    0.6852      1774
          中性     0.3050    0.5044    0.3802      1247
          伤心     0.4806    0.7461    0.5846       831
          惊讶     0.3805    0.4842    0.4261      1233

    accuracy                         0.4483      7178
   macro avg     0.3589    0.3633    0.3168      7178
weighted avg     0.4294    0.4483    0.3958      7178
